655
1000
4844
12436
275
6525
874
77653
831
329
17375
967
439
7065
873
960
11000
125
11527
125
8800
6394
1951
296
10
7526
688
5105
499
2295
1394
799
2043
3614
9082
4700
7091
400
165
278998
4051
278998
714
352
1000
199
491
329
1000
116204
821
399
15
875
5273
775
501
946
2485
290
4100
11675
777
329
6363
5879
1499
2500
1095
8009
4483
329
396
2500
17708
385
1305
1999
824
290
2965
5830
657
34415
568
275
672
5193
10212
329
1087
5150
8000
999
499
2158
1036
11816
698
879
5912
55020
163
358
1828
7600
4978
10000
14728
781
7087
91242
345
2894
929
71000
465
4943
7139
469
1210
21597
3085
500000
1290
30582
12656
874
50000
3000
122
10710
329
743
2562
118
7549
8000
6400
3026
2500
299
4201
385
2939
3500000
1313
5317
2500
659
345
70000
39820
1500
12500
367
1250
702035
1545
4561
8000
6654
10440
131380
2189
10
1400
394
31805
579
810
15
13784
999
11297
2626
3663
6007
1200
16498
769
4578
10560
19312
675
8671
2134
3401
70625
1505
586
68000
10667
1188
657
1716
6034
4154
59928
275
600000
1560
798
464
533252
950
2971
113030
768
7040
100100
1405
8471
1536
275
1388
1220
1636
2472
2196
5538
905
9000
584
3999
501
6824
329
500000
110
4545
900
8530
70857
333418
72882
703819
5747
6062
240
3068
5036
275
902
5123
233
2810
3495
5246
3940
9000000
465
62342
17513
5573
1913
33155
329
1059
123
500
3522
393
20000
11166
2336
369
1400
2300
5009
3330
749
7000
469
20840
4335
2587
100
16500
1746
2488
400
11348
10
358
10985
400
8756
3225
739950
84000
15505
18183
590
5474
287
7682
3263
1750
3508
4559
2190
268
5328
166000
6362
2201
714
711
464
45512
88669
275
2500
2082
2252
3283
658
2639
345
198685
8774
5104
725
100000
11277
2750
4000000
4275
4998
4542
1587
7500
1999
12710
122
15072
5056
2500
3495
7305
329
1094
438
241431
5526
6910
26295
4382
275
12000
5568
499
187216
735517
6557
2002910
500
9220
221
500
8999
378900
2000
275
1506
10774
2760
400
1249
275
19998
9600
128
654
6062
9618
451
7525
2200
19950
275
125
2600
5578
59558
200000
10635
1875
11767
240
659
2188
875
1747
491
12000
821
147079
7128
756
10744
3015
349
3667
2500
712
1500
329
2328
848
2579
34188
3796
11671
375
5324
491
284
2097
938
3127
199
14231
1100
15000
8034
37450
274
5
297360
700
655
275
1268
4174
9536
875
199
90
15339
5205
275
2068
4000
11279
50000
465
2327
881
275
19968
275
618
10900
455
329
765
3021
6921
275
40
1708
28361
329
8718
19866
657
3450
394
672472
8999
8000
1
5099
189
12499
2253
3852
23100
219
37780
450
776
864
3580
10246
1000000
10800
1131
1099
9140
875
2740
165235
30000
4304
37780
75000
358
1714
225
2474
19458
1000000
425
4158
731
1878
622
50000
788
437
9999
900
475
4000
498
3420
329
712
70000
10
657
5081
10000
445
7340
847
15000
744
1210
726
149
1488
1094
6207
875
615
2304
43355
804
225
125
2406
275
384
7066
2726
595
824
1679
500000
246
465
8370
3287
5614
329
982
223
5500
356
1390
275
4000
1999
10347
126
8000
6999
2627
1764
11639
2676
4683
418
6546
100
110
1100
13668
125
275
618
6626
3268
1145
385
39413
445
7422
889
10388
75000
1970
7673
3495
4900
400
5456
436
714
2499
1100
15271
4182
11604
8210
125
1019
689
20006
6266
385
834
2887
831
974
81813
900
500000
2189
12450
854
657
4677
1200
11000
6962
6900
18759
4000
445
449
4648
1000
1975
2294
750
2538
1679
747
725
50422
400
1695
32519
7392
1799
15765
7818
12000
7080
117
1072
278998
1500
3338
10900
21394
900
12123
7355
615
12500
500000
687
500
885
300000
3710
900
1000
16004
824
125
490
2116
11816
900
34526
2046
345
362
4000
1763
3263
275
15877
667
4518
3449
4737
123
8120
831
400
159435
16400
299968
1361
2000
18019
3032
10000
979
36262
5182
3284
500
3400
586
125
10
445
250
655
1299
4225
734
329
5430
2013
21200
2907
3500
393
5036
2370
34999
868
918880
275
411
435
58033
6700
275
1000
1180
4200
786
14017
4900
4267
31754
16680
800000
1001
630
929
2135
5
2155
799
3306
796
23382
11784
29666
181
390
1095
501
1472
400
3600
2599
9900
3160
79579
7464
1000000
2699
164449
60000
411
11000
93875
20573
24999
930
3080000
278998
445
444
999
1999
8000
725
4598
345
24390
671
1130
5428
1094
10030
699
123
611
875
275
4576
4740
424
1922
5754
118
155824
875
11535
3000
20024
66430
727
2269
278998
4343
10
792
11000
468
818
275
3193
2081
2000
1000567
4775
110
12202
1999
329
7803
1072
265328
3751
653
1094
21219
123790
871
979
6000
12200
329
4181
900
129
100
1000
9392
9900
4635
12064
1536
262
290
58012
3354742
44074
38688
2166
385
35999
6159
714
3025
385
1631
4000
10241
100000
96360
15000
19293
1
125
261502
248
394
71299
275
3488
1
400
287
1722
817
1712
400
1038
7558
295
275
614
2987
275
292
3100
1654
999
6209
5522
2982
683
7238
15
8500
10122
1971
29244
13101
11727
657
1169
465
329
12500
20492
11000
436
690
7363
5694
657
8598
275
250
10510
175
5208
5635
83911
650
5104
799
756
480
6000
1113
50000
275
44040
1790
329
329
15652
2229
1254
10781
3998
4240
150
23269
4472
2785
3740
8048
743
1039
329
1500000
2042
938
4269
385
7228
43548
6622
2999
265
5000
10
501
2138
6133
1900
5229
510
3410
265328
3237
725
686
394
10432
275
1345
5196
2873
5523
329
10691
810
118
125
599
1088
3499
445
14541
755
150
875
45748
1096
71066
275
203390
7808
5000
2000
284
10200
329
11951
4534
74394
23560
5645
723
68000
329
11484
51783
1500
1095
2910
25982
295
2000
2869
1949
5391
1613
8000
14275
77935
230
1085
6304
275
7664
7883
4949
652
11309
125
330
5321
744
56976
2912
11274
7655
42
2459
11484
6835
4935
2737
7771
362
10532
350
1210
1080
796
756
906
2189
189
169
11934
501
3020
6000
642
71941
4094
125
5400
7303
3026
964
875
7389
20804
128
139950
657
6075
1000
15000
693
106147
16985
3095
477
329
5385
500000
2527
899
1952
18296
908
6500
1500000
1203
5000
732
2194
4679
1578
1531
413
491
12655
11571
2637
7099
2143
2154
4408
20178
4422
1094
869
95883
1085
275
25709
275
15000
7575
445
10548
488
21899
5610
738880
3001
1180
275
2674
728
9
469
22057
667
657
275
2000
5058
4310
219
6660
10446
20
329
282200
404
11654
7120
1500
7049
3169
36579
329
11924
1699
7948
333418
5042
5759
5286
12086
7781
5296
5357
5100
789720
5500
2000
10690
11600
11252
748
4747
99432
2690
1587
48741
23089
10546
275
88475
714
4039
125
7183
4500
18014
347
275
11113
4999
356
783
2699
1898
813
125
370
10255
13190
9610
3340
7072
2500
2458
657
71717
1400
5675
10500
610
151067
899
68984
1299
185
906
5100
892
1059
227
275
3515
5663
1
6318
3384
393
1474
9853
14663
415
72065
23100
8990
500000
5042
122
20006
849
7500
575
1315
5629
31754
162605
713
18791
1488
8000
37639
329
333418
361
1484
154500
3015
501
30000
500
329
713
385
2000
4950
341416
3681
227
2142
262639
329
9065
25000
1367
933
100
290
2625
469
2173
8799
1864871
100
13066
125
5800
329
824
1720
3000
2812
16184
1099
329
20186
299
2500
715
4298
14721
754500
71829
644
2773
25000
445
5248
14293
273
383
824
219
15000
433
8000
2951
400
831
110500
5324
1990
19542
2870
499
2500
753
12016
1038
12092
428
491
48065
9508
24107
329
100
767
4565
4004
22400
3625
50000
795
12500
388
8000
227
775
4575
821
2504
1155
1836
11941
3026
11
1014
5945
875
188448
5768
1302
26680
730
125
254000
158571
5095
329
658
1440
53680
2515
830
101
6350
274
2855
1159
1179
9414
4300
3000
1032
10869
929
74900
2482
3500
329
100000
3183
5097
11
1200
2190
6285
278
12659
6954
288
75000
13859
75000
48
11
9635
3695
843
770
2188
2411
821
501
2998
32959
5140
2001
329
275
125
6601
36026
695
7457
2600
2202
6822
8301
11000
3055
9707
9700
12232
610
329
360
499
714
7386
1
353
3903
121
331
2500
34111
5171
10870
18995
585
429
5496
11000
253
470
1599
1500
5174
3850
411
37473
8000
275
500
275
3585
10626
12750
464
275
275
5455
6640
5253
10686
124
659
385
98202
3905
493
141269
13031
4180
707
50810
275
6104
473
4007
275
714
9
2598
402
1000
34420
2989
480
329
2628
9904
12104
799
154
5598
14063
7000
205150
29452
290
6665
275
411
647
2957
1299
7900
9889
712
2817
162600
7103
831
6500
1801
185
395
4000
794
4555
7227
31008
576
1800
329
220
275
1798
290
10
353
125
90082
2784
173
657
46038
411
125
26676
300000
686
4062
1519
1180
2298
274
4595
3000
48420
1999
3392
1500
624
6755
470
5004
979
824
250
598
767
1269
875
1449
132
11740
833
824
795
13200
2293
275
874
407
220
16284
353
100
4214
10918
868
659
275
1095
21229
2417
275
425
125
811
3390
21730
118
411
49166
470
2812
4394
3621
501
1599
125
8000
501
6875
984
378
5407
3583
6456
200000
1225
796
448
377
1936
2924
1600
714
11465
4000
1210
334418
11375
2000
13529
19304
17251
275
329
2000
8000
10244
617
329
10700
501
10806
2998
12292
3817
3501
950
13450
1529
97
7654
779956
269244
501
875
102
3284
725
7525
2796
714
712
797
385
5485
637
150000
389
385
2500
116
359
1204
2189
2500
275
5962
791
599
574
386
78731
70122
394
10
89652
5085
125
2253
750
275
73771
49031
329
284
55808
12031
118
6000
393
329
493
2810
6600
329
131380
26381
16915
10
464
32181
13694
5070
500000
3755
275
6894
7458
167000
45000
132
275
728
1500
900
4592
712
252
980
160
269244
275
1000
102652
688
575
488
6000
2438
3390
275
5063
500
11127
329
265
227
984
3108
6689
897
666
3021
10500
984
227
8222
394
150
10762
473
739950
8000
1464
5321
6733
895
829
500000
71900
1294
2273
275
1799
563
385
6269
218
7713
295
10800
11243
393
613
275
644
3498
897
275
1171
10100
3008
1325
728
218
2872
472
2246
5032
3800
1050
500000
261502
710
2234
500
849
4260
10400
2667
1623
2005
3145
1272
15448
737
19898
385
3375
79
2154
1087
986
15000
275
8325
354
118
465
3941
1272
329
2500
501
17742
500
1999
7209
358
2189
5149
657
239207
8000
8000
4378
86879
667
9487
831
3000
831
33999
275
1600
7039
7000
6020
131000
900
750
712
9512
2209
39236
275
26875
329
500000
275
3001
11593
5350
9958
824
1000
5104
500000
4641
329
7026
3000
175
329
664
1000000
867
5321
319111
2500
2209
1149
1894
5359
6461
1202
2775
125
1587
3075
464
7318
125
7800
151
4374
9854
3425
1696
329
644
11338
36650
385
874
15814
275
4764
5582
8000
295
199
10000
370
3686
1695
1286
1858
659
129
5534
1799
410
4500
3330
5408
16779
743
245
100
58680
687
623
47083
510000
17548
194669
329
14874
4128
659
5056
329
422
5659
15000
8000
77388
5828
7228
2000
975
1599
714
4802
341
7433
9000
10521
1691
60624
7171
7748
411
1099
767
2802
21791
8000
281
2676
6303
995
151868
257500
4972
27102
5324
657
985
586
8541
125
220
2270
4375
2475
10000
100
275
367
875
9000
24087
13737
1253
5499
5377
125
275
400
831
11152
7144
3954
70
6847
2854
3917
4500
623
125
10
4729
451750
4598
385
429
10443
574
329
9107
657
5999
1767
260
78806
2714
1185
500
9
2307
4792
3250
765
4100
100000
896
1075
656
288
657
832860
2000
364
831
2833
657
281
714727
723
39947
501
3247
2331
2108
6229
712
951
1650
725
816
783
11506
657
7775
139950
657
2500
2360
1
741
275
1435
1275
275
1199
756
501
353
367
6752
369
2650
5884
100
10
7760
20000
990
1648
416
128
469
10640
1642
130
1500
22000
400
7
86840
175
821
1000
1613
399
3543
623
12972
275
1430
10000
10730
1708
275
870
2812
500
18236
883
275
2634
2543
9640
420
329
1038
730
9165
437
3559
767
1648
4531
465
765
2697
125
6733
52731
4112
19772
4051
445
5267
100
11636
295
3050
400
15393
4000
8437
400
1708
10298
752800
10730
507156
5946
1800
60199
925
721
887
788
11
1199
734
3052
3537
125
399
104697
9744
2432
1418
880
1299
225
5150
17087
122
329
1500000
3820
3243
5743
2511
15221
574
125
192102
1952
598
5100
329
329
275
9196
298
7035
6597
275
2558
2951
275
275
1787
4700
445
71000
7660
393
11199
75784
1536
690
20868
599
377
385
10438
1210
568
190
130975
1300
785
278998
151
8000
7057
275
11794
613
6524
4598
2806
4751
12315
6136
1910
7315
9782
5645
451
6674
6756
4737
153204
871
59384
85409
275
37780
12741
3197
366
2498
12374
143503
19000
712
14231
345
2243
4161
781
62120
28098
200000
130641
636
8000
1561
262
927
892
925
200000
20
340
1500000
1028
3015
278
125
199
3500
3000
500
714
26143
939
5100
2394
6490
2793
125
1608
3162
1
2136
45748
756
499
482
18013
8850
709
3000
26012
6759
251626
275
349
1311
5022
5662
2476
98300
78321
7525
990
139950
125
275
8247
352
11586
290
1312
275
262639
333418
3026
329
278998
1200
618
125
989
2190
127174
879
775
94030
393
400
997
831
4599
4707
7100
148
4000
337428
716
469
182736
109
712
874
1450
1708
5366
51070
72126
4582
275
12218
4377
644
113905
5284
2
4997
2037
4857
1950
345
2433
275
2000
261502
329
6383
6569
3695
131380
265234
999
50000
5000
72051
5104
411
3654
69272
7857
14244
3448
100
655
383
9490
203600
8499
5970
25440
4580
1607
1464
799
149
1390
966
736
9700
42004
2400
5321
2307
845
329
21746
1270
9959
12317
1000
11
165379
11000
265328
329
1796
1860
6470
1464
1284
193
900
2603
385
11057
193
17542
1995
493
24999
5134
657
2714
861
4605
226
7000
262
3258
714
3103
90082
10422
16890
218
799
10375
275
3398
76278
28000
7178
5200
7536
111
1791
2438
8749
11499
331
2300
385
1499
49
2025
25000
400
10836
1500
1750
7547
700
725
1500
114
275
278998
123790
1500000
8767
1000
385
576
2189
843
8375
10498
20
2000
10361
13766
1547
4975
16083
16649
100
1500
4000
329
3498
87832
299
574
345
834
3267
204228
127
8191
1249
3418
44024
5053
2734
125
2000
4580
6559
329
5231
84681
2811
10989
123
5035
90
19142
329
1013
461
1000
3109
100
381
8937
4500
3999
13100
5324
1356
7169
2631
261502
6000
20124
980
149
77156
1095
275
329
1355
6571
501
1435
4500
200000
2912
125
1318600
275
5820
12806
3333
100
299
10841
95
4126
3520
7430
950
14087
2000
3580
15000
7966
3240
731380
3000
110
900
400
35000
657
990
499
925
5345
6563
7999
19116
1500
11031
5
657
1200
464
818
500
6267
105
972
7500000
1047
1010
3829
10944
6679
2505
275
19600
999
275
2812
15112
5257
10
784
14234
7063
329
261502
4338
439
480
714
2674
7228
2016
22062
3000
5163
100
967
2589
894
5105
275
141
10713
7741
275
1349
10045
70149
329
33680
356
5380
11749
795
731
284
275
78
5700
333418
2527
594
20000
6054
275
1500000
16573
5981
908
42746
95
8114
2350
34078
7775
4042
821
3900
904
500
908
21920
68000
3236
384
659
8000
1700
2539
7379
361
278998
90
10949
2553
3149
7
7689
103914
15000
445
10921
234
2000
11108
4947
358
2866
129
1314
8000
91
829
12290
1303
15376
2794
3381
6500
869
932
821
900
1948
7000000
11649
16297
926
275
2509
400
329
7228
70
13039
23332
3567
405
346
875
3000
437
290
3400
1000
1927
5263
353
399
568
382
3307
123790
4999
8000
3396
8799
219
24463
693
500000
1200
6500
344
2096
1095
2774
3275
1729
656
1248
366
7035
4372
329
10539
2020
275
118
838
2500
275
1366
9000
700
10817
400
297
6771
7342
7527
2268
10
1094
261502
275
17828
275
3021
1694
44
2593
1952
4581
15899
6999
275
6000
647
3795
226
2170
4414
445
4900
434
279
12500
7058
100000
6033
4357
575
71174
1287
349
275
284
77534
6614
16000
10500
1675
437
11497
900
1171
2189
853
11054
4580
77293
4880
329
4200
3362
8671
875
1477
4045
278
329
275
1210
200000
7600
10639
825
10100
5000
3247
333418
789
3455
4999
847
6002
173
265328
11803
2676
3874
275
2000
4769
2678
400
6398
274
262639
1087
12500
330
9084
22500
1999
4594
274500
1265
5223
15529
2238
3699
655
8759
2900
3064
2561
329
1068
10
429
1290
146
154500
758
615
700
362
767
10001
6908
384
1529
10500
799
2805
263
1544
6158
1399
174293
907
329
657
329
253
9502
5901
123790
295
1008
122366
8000
329
6184
7000837
400
103080
731380
1353
2500
5578
275
3600
275
400
21284
8000
799
2995
657
1422
142
590
400
1425
436
12998
295
3439
23114
10
787
2799
2684
445
10100
875
5328
1000
165
3225
820
2806
1663
1000
275
15998
487
578
2247
2415
106
612
1400
68000
589
588
655
2598
5100
655
123790
115
1708
315839
6200
398019
25730
200000
11500
19356
204500
21134
2000
11000
2000
10284
3833
7000
50000
32279
1799
275
4341
12250
329
2598
1210
374
333418
908
7952
700000
385
199
6290
11276
657
6127
51492
283
334
2408
180966
615
6166
1
25189
79922
3224
2105
1057
1396
7999
1055
16785
7101
1
494
489
3453
158
219
13531
11046
8000
647
7464
1000
4000
329
248
925
2174
7205
79487
275
131380
20006
889
469
1440
35396
30893
329
71436
169543
272541
275
679
400
5676
1210
10087
2921
5981079
3139
3099
53680
7981
4000
95
154500
353
501
104180
43
657
7175
18289
5830
1875
3787
3341
2766
239
249
710787
15732
21666
415
715
445
44715
1708
1168
7500
7650
275
12263
20836
744
7132
274
1136
6203
9000
592
119
15000
349
5945
3695
4000
657
4000
5496
1395
7500
2630
1608
4641
6000
436561
11000
128
2876
1185
577
1350
1153
129
1434
10608
15348
12420
850000
122
3000
110000
7228
3188
567
7410
1600
11000
1210
13463
767
275
262639
2325
337173
1708
2325
6490
43629
72000
226
4670
3012
1
300000
56915
1390
11772
7874
2399
5220
19956
655
385
5198
448
429
821
734
1100
2000
2902
125
2597
757
9756
712
749
70
1044
2713
125
655
900
72310
39412
99
9
8291
1600
2500
986
247
124
500
5
976
275
2014
166000
374
10
949
1500
404
7339
1022
15998
2122
5315
13280
2199
1094
1641
16316
1708
3001
11112
47715
89865
5099
854
2628
1699
265328
14245
576
1000
9257
988
1213
847
11374
1662
275
2920
4581
765
364
5106
1200
1811
1095
25030
4750
295
2085
25278
6056
17639
2500
764
13731
3285
10100
2500
1311
329
1088
2649
2625
5669
655
275
469159
1708
725
90
1199
62509
33330
125
5253
5683
1307
275
596
4600
948
1852000
437
714
116874
721
274
331
329
671
329
118
641
831
1900
1794198
1379
8575
2000
472
1143
43555
7500
63065
690
1622
1972
1464
955
10446
246
5814
7045
10764
491
4255
16068
614
226
11196
6114
3200
114
5040
774
330
785
6099
123790
11213
340000
458
12500
961
2375
279
3283
7349
273
1714
166000
340
5179
125
5321
4288
411
219
385
9751
115375
262639
15100
2099
345
5718
1206
273
2000
8322
650
4500
3282
1098
2303
734
6594
439
275
275
677
441
588
1464
9664
400
265328
487
333418
11200
5100
1529
986
12398
719
6500
345
43691
799
6415
329
2874
1923
263
264938
137500
700
445
396995
224997
3700
436
14612
831
125
125
400
2337
264
2188
383
1500
2500
3942
123790
16915
6100
100000
218
16942
1124
4580
1752
11000
5111
51775
1943
2152
13831
9215
2700
659
3390
12890
28570
724
1400
13240
75459
11035
1085
668475
5013
750
8794
345
862
1075
14849
724
4064
400
12351
100
2894
53680
275
2190
748
385
8138
445
659
8900
626
900
652
5000000
9851
1400
2156
7500
9275
2118
1087
52340
139755
5536
7418
11196
762
1038
1042
14927
9852
3026
2655
3007
1000
275
7095
3699
4688
23803
2999
6322
2500
18515
827
199
6485
2024
2466
5253
2006
3589
501
1000
10
15000
10338
2621
243533
865
500000
1790
275
1999
43683
918
46422
2684
15790
5898
6394
1094
745
116
2318
4
2526
10814
838
1963
710
765
345
1859
2976
275
5073
13277
732
2558
5168
12281
6000
50000
227
125
4209
999
261502
329
6549
9104
330
12549
3448
226
3948
84998
1868
9900
464
689
9000
11573
24886
1353
3026
13897
6770
1035
1399
72323
31620
1876
91114
6947
7000
679
261502
3798
13292
809
712
20398
2684
655
1182
598
4000
2916
261502
5421
2099
149640
824
25000
1299
619
2800
952
329
52600
2150
1399
3264
8140
908
14245
4868
166000
2684
22122
15361
465
231896
848
3461
1318
6295
1885
70536
400
8470
7485
2300
10933
16372
275
244
20888
1616
3428
5251
4274
86734
275
6016
275
5858
625
847
79511
11433
70
1094
396
275
5559
265989
5303
1060
11108
1310
2630
5305
219
161
329
275
95
10800
10386
588
11540
2093
356
2000
7227
329
500
275
220
5151
11478
2337
54970
5105
6995
14684
29162
7326
10
1
788
7185
3407
10
183
200
2317
87382
1207
10500
3671
6029
5768
11959
10095
11810
7363
874
999
3143
329
275
3176
71142
2803
15090
1100
928
273
3503
139950
53856
4558
831
4892
329
2600
184
164
865
11000
10714
5694
164782
125
400
20840
500
2986
70000
2775
11433
4008
3790
329
875
13043
5616
158200
2500
1331
2
4914
2100
4479
13792
4857
5716
24552
820
13139
591
370
10
17738
372
4700
400
6561
43272
489
1023
2793
2912
2796
6929
7178
840
13998
5904
58680
7524
2600
329
329
684
1253
5510
5097
11649
15065
10401
659
4608
589
334
329
725
2657
1117
3900
3130
108
4085
36600
93
832674
1643
1532
125
334
275
4826
4896
436
5586
436
501
154500
74091
55570
400
73568
491
10000
560097
469
2500
591
160
271
229
9712
500000
4700
58423
160
8493
154
275
1000
7763
275
6938
1220
329
3980
600000
622
2796
253
1094
5170
9750
712
896
667
3990
4598
429
1299
5502
219
90
275
154500
329
10958
4315
8066
42540
73681
1952
4301
4755
11000
275
1708
831
824
5798
4870
875
6513
69980
1499
1717
10348
24561
4775
12989
1063
5101
1000
2000
125
11000
440
824
30058
100161
8400
7178
12000
788
21226
9016
858
22420
2339
125
360
2097
3453
500000
614
44720
220
395
3892
675
4887
11000
2000
2716
2999
5452
4311
857
125
472
2121
2999
45816
275
2000
366
18498
23100
2500
275
804
125
277605
3503
12000
10917
3848
1263
105
42746
6450
290
230
744
269244
345
65453
9673
5860
3503
4668
821
345
3089
100
3543
630
10000
438
500
330
2869
3025
389
329
20583
11540
100
1260
268
20000
2250
275
71190
1629
7654
299
3036
11199
262639
37747
6277
199
275
449
2783
6474
5324
868
1750
1587
7500
3592
20375
8388
710
2667
1094
6723
2500
465
5105
565
21070
899
3366
18093
5000
4298
345
10067
224
1916
436
2812
62818
5477
133
125
799
5900
7555
445
1151
70000
2196
1210
7298
980
655
10841
395
1860
289443
124
5049
788
2290
362
275
831
224
393
16199
252
731
5000
5784
11682
24381
7525
14823
5104
7
952
131380
570081
20800
491
1696
1827
12000
377
275
180
393
4500
1774
275
6337
329
674
6114
15308
145200
1258
2933
2700
6642
1200
71850
12183
219
34160
11577
228
6273
398
16450
141
761
4124
9
82125
7699
165
987
284
3700
2023
26062
125
931
10578
2697
291081
465
6580
8750
1536
1521
90
1748
241
622
275
4999
4935
329
71017
1500
10759
10499
424
1180
2500
1178
2000
6999
5427
4000
384
1000
26198
820
331
7025
3007
11629
1000
8818
359
564
5248
411
1059
139950
196412
100
989
100
11613
138827
1100
6900
11000
11703
2250
7556
1858
275
15000
2198
1210
25309
143236
79
15537
80161
189580
4940
833
20
99138
895
10119
42703
19755
1204
4100
654
16000000
90734
1400
329
11814
679
275
1952
14706
657
278998
275
3502
160
1811
65500
1447
275
2196
384
329
329
5999
13994
346516
6132
250
247
139950
358
7198
4000
417
1921
1861
4124
1528
111
4038
125
410
1774
345
23193
7525
8000
219
137
125
384
1351
711
411
420
1999
2716
802
1149
1000000
79368
3564
1708
399
7
5332
12
284
2866
50131
8000
7228
8000
3440
32428
10013
1180
71798
131380
6006
12472
4400
118843
275
411
579
1246
2730
1949
2000000
345
9000
550000
366
1722
345
410
12054
714
70008
1000000
125
2500
125
1399
2000
13818
429
395035
625810
11181
70043
334
4800
1264
125
2097
109950
1054
1000000
2231
875
30499
57148
6807
2199
192
5658
78048
2562
400
2910
340
2952
8600
11769
4854
329
76344
50000
30000
9000
3526
650
1263
218
4460
1210
6901
2995
6001
275
275
329
218
262639
1095
6274
119747
7037
1033
8167
275
2398
15490
4799
657
32626
3287
4580
384
684
1565
275
714
164
2493
654
27763
4829
8900
3424
4204
2070
659
5830
7501
8000
653
8997
565
4048
257500
1429
5316
9071
8513
2746
4528
2000
2025
1200
219
437
4499
261502
10134
655
1900
4707
278878
2972
3902
3479
11182
7500
3007
3000000
15954
474
788
9000
329
656
2871
100
3142
8176
820
6504
329
3418
750
2200
3666
33784
8772
14832
14735
3165
1520
2716
400
275
46960
918
329
754500
578
275
3000000
9500
2055
7325
125
416
670
774
10200
123790
655
275
11765
712
20617
488
240
2202
890
219
501
644
262703
18550
393
809
419
131380
4183
200000
5175
117
360
1
1500
8000
500
1235
2198
5238
130067
17785
1641
3044
17542
5000
19356
14200
2135
5062
2500
2650
578
569
275
723
1515
11070
5681
772
508578
241
831
9854
2415
3200
3242
655
5773
123790
759
275
3899
2571
1464
2994
667
1000
501
6266
1472
439
23100
154500
78452
5281
788
18318
5321
2019
2514
6557
690
4588
1225
875
799
500
131380
10612
2456
345
53328
3146
329
9600
9900
600000
821
2676
5104
403
780
25100
1602
690
353
10000
2000
10336
329
1708
384
9294
37447
715
269244
1180
79711
500
729
898
658
248
1100
75931
915
599
714
594
14126
275
4833
150
2196
4993
275
329
1316
498
1179
4623
70186
10
765
5000
1987
384
1803
11995
1213
275
1857
4296
33996
8700
500
9850
2500100
12748
733
1751
275
400
13570
452
900
630
979
16380
7974
275
110
7700
7600
10700
76600
714
275
17519
1789
7941
5194
5104
726
3895
631
11693
249
997
6762
3000
644
2020
661
610
6831
999
501
732
275
70461
7035
265328
262
6313
20617
275
2299
10560
269244
1694
4112
262
253
2782
723
7223
24611
1799
3991
445
3639
2114
576
7094
4901
1050
275
12500
6520
1094
5933
831
164
4000
2000
5006
902
160202
8400
2500
385
8573
113
1213
2402
3233
125
7363
775
2198
712
1886
3387
48350
1313
4000
20696
564
7244
68000
754
1275
8708
1095
275
723170
501
3000
275
500000
578
17950
109861
2189
60224
411
118
799
12500
1000000
6775
2832
1694
2921
5900
440
472
3200
5732
1000000
1094
657
6035
1662
10374
1699
1171
125
1161
39731
39617
5219
1369
984
6998
11436
574
699
905
1000
226
2500
958
2216
10000
82294
1000000
1150
437
275
23704
1318
1148
149826
5382
3552
655
2174
650
1708
1094
436
644
2573963
2325
659
70
19368
1000
500
980
8999
4321
984
10539
4305
251
152652
2499
4088
17988
618
1850
693
2189
5940
3026
5195
10500
274
990
10978
18000
12272
5225
659
998
329
5300
659
5094
2400
4793
1297
275
39617
7500
129999
8499
900
100
1137
686
990
25782
445
1235
2000
1989
819
329
292200
8400
333418
7228
2853
3995946
5988
598
5786
3156
657
262639
2382
52340
1500
23553
7800
3393
990
3017
2627
10841
813
1210
5943
1312
4500
1421
4749
345
3787
831
5172
7293
10
111
125
4919
2409
820
796
1799
1031
329
70613
11614
1374
7500
14185
9444
723
329
975
4000
385
150
501
108394
41530
668
57608
275
821
1400
125
2264
5999
2494
630
6521
275
1158
983
6000
11822
831
4210
1989
1080
2231
2264
4643
13937
6900
6485
284
7146
2500
10337
500
379
657
971
1296
655
70175
99
7664
850
349
4707
429
391
345
12440
125
9019
11432
5100
3866
11749
4000
5181
595
657
251
11607
28655
5806
84849
6700
2912
2189
7664
657
125
3385
3000
831
1708
290
1235
329
6099
4324
13369
700000
2116
6275
18289
70000
900
106
7941
3000
445
104
125
262639
371461
5470
144
70575
659
6177
1100
16770
4000
329
2682
22564
278998
6000000
11378
1185
2000
11
901
756
2562
1135
1210
8121
922
6434
7757
12204
28384
125
11000
3941
15086
274
5463
2196
9658
785
1326
465
16790
9300
331000
746
3589
574
246
1400
5855
286
166000
1750
286
5197
73176
329
11400
4200
2988
1000000
10775
329
56470
2833
824
334418
2000
9900
12395
70041
71443
11084
8000
7999
7725
249
3207
15290
400
8000
8400
163061
275
796
2041469
8072
3522
6999
1661
5696
118
21998
329
479
275
12093
1699
15915
8499
261502
13360
5364
3521
10868
9377
415
1202
11242
5913
4309
24557
2199
500000
868
995
128
785
5100000
71895
1091
3064
385
5000
786
105
2445
7000000
706
469
11463
699
2000
599
30000
2037
657
469
725
1882
170636
118
100
655
427
1299
1198
574
5618
33521
700
370
45371
92
3154
10081
1
73537
3500
11010
10730
2827
329
275
1699
218
14234
13671
383
1234
117
1526
984
125
275
5645
1445
385
1645
1000
2440
4969
436
275
261502
1952
465
76569
3071
1991
6999
31701
837
75114
4926
25925
4394
3600
741
473
260
2912
150
329
2000
4580
5380
3500
629
4011
1613
1600
2100
278998
491
400
875
2796
189
275
154500
148224
2189
100000
1425772
4046
774
72075
50000
641
1199
2417
821
123790
10998
4582
262639
25218
125
10087
8060
501
7665
12500
2000
890
329
2000
7227
1662
925
10200
15490
2000
149
375
6201
3684
75348
831
284
219
2000
5317
788
385
10
5104
929
2320
16155
7000
723
114
285983
275
1
762
1095
2488
630
706
744
1907
3650
7549
5251
445
1025
18115
787
34563
7216
33066
10000
446
11290
4852
71875
9000
6900
3790
357
125
345
25892
2180
15300
90
14245
24995
2038
8702
17563
250
5590
5411
11000
1952
265328
16000
125
329
225
875
1476
714
71754
4934
7616
6000
2416
1094
7100
227
107624
39620
2997
3700
329
274
4923
16567
6495
1587
1155
1520
275
297
329
5309
3285
899
345
23150
7905
908
2500
6168
46952
613
11929
1000
1210
7760
1000000
15135
275
329
3999
498
1094
3708
765
500
1464
941
3500
7459
491
11000
6729
659
1591
394
37697
400
636
7560
2000
11893
687
3988
5281
3500
56848
329
44363
2000
275
177890
194
345
275
7567
200000
333418
275
1070
1575
11247
2085
70129
112309
7
220
5373
806
275
6469
2000
7094
114
824
501
330
7443
3057
7107
393
1000
824
7