1952
465
714
831
1094
4764
1613
17950
1000
600000
9640
396
5350
3233
5036
23114
1500
10
50422
3330
1694
3710
598
262
712
100000
1699
36026
275
79
219
98202
9900
4500
3146
329
2000
170636
574
6002
437
275
1000
578
1519
657
4999
12016
3000
501
725
6626
12500
4000
333418
13463
875
329
4997
116
33330
429
10841
1800
1972
275
2000
329
16498
329
100
831
5316
262639
23332
275
329
574
4007
3700
4301
329
149
3064
13190
331
329
11816
865
8999
5683
657
2438
2005
2189
126
15000
37780
20006
1775
415
1210
30000
5104
1675
284
3817
448
87832
20124
1425772
329
148224
14541
225
1852000
9000
3000
11436
6580
16770
10744
867
385
56848
3188
1
357
10
493
2514
469
275
723
2796
2589
6035
15348
922
5097
4499
66430
20840
2500
3354742
39731
1990
11478
1
1210
918
427
1200
30000
329
2370
3000
887
1299
615
262639
15998
5463
166000
1198
5328
275
3145
12218
250
3567
100
56915
568
14126
275
174293
2726
329
11465
813
6954
3543
644
79922
5063
8772
300000
2714
11
123790
10446
5040
1679
5095
714
275
1
42746
7567
501
1299
290
399
5946
1287
84000
10041
999
26875
10713
71941
1199
1648
400
986
400
22400
3400
128
2196
765
642
150
1169
1388
2014
930
10532
4158
7500
329
900
500000
24611
2509
110
275
578
253
12126
833
5073
500000
14706
1400
2000
6001
2295
1254
8718
1180
2339
6394
847
2360
5100
7178
900
654
10
8767
275
7525
469
1882
131380
2630
1000
400
3007
10043
2000
2198
464
21730
1526
2500
329
92
4064
3500
6006
12750
4000
384
1450
3285
2873
1000
262639
799
5317
8000
3225
9635
734
39413
4100
1900
7178
3787
7103
2158
11276
123790
24552
3522
4315
1063
99
1379
6500
160
657
125
1999
756
333418
48350
989
138880
15877
908
10087
11374
668
9165
1200
13280
4255
2933
275
7760
500
14927
6000
2173
900
7100
1500
385
275
12655
16649
400
1100
804
33155
1036
3990
345
796
345
2000
329
1418
278
817
906
290
225
2713
897
7000
1000
659
50000
3000
15732
4900
53328
18731
7536
2866
2154
2055
12000
445
144
1987
723
657
20006
1000
1500
274
4896
2350
4479
103080
4000
1764
3127
972
1326
403
6277
23150
23100
5101
775
65500
5718
995
1307
4775
1202
2558
3264
5933
154
908
744
4112
2912
37639
10186
400
8000
2085
501
1210
655
2500
219
500
331
1290
115375
918880
1000000
2246
125
275
1435
10241
3000000
349
622
4374
125
11506
3333
34188
670
723
11
592
469
11000
3142
824
2068
445
122
997
52340
1708
104180
2571
154500
821
154500
3236
24557
13897
1532
68000
31008
8000
1560
7175
6910
4094
1000000
275
5427
1180
787
2994
16915
2438
1500000
34999
260
799
5324
6020
4844
2268
275
5321
979
20696
2504
5970
43355
329
11816
15899
11463
3488
275
330
2796
7209
131380
429
43691
5500
383
410
118
4775
983
411
33521
9220
4940
5220
49166
568
1500
384
6674
9071
17563
1246
29162
2500
11484
4288
900
731
9000000
10841
2500
1100
2682
3385
199
748
657
219
4683
15393
5151
743
1025
32959
11499
7500
341416
10781
25000
14728
50000
1059
100000
21134
868
69272
732
5629
118
1033
11297
20
43
437
1010
564
2871
4378
5645
9900
261502
657
3064
488
7600
5768
925
2134
818
2000
438
2411
37747
5094
5170
3143
8671
575
6313
10
2000
5614
329
6733
712
4826
1910
1100
360
4870
500000
117
999
24390
200000
329
2505
275
286
10868
630
1457
299
275
125
111
1100
770
240
2409
560097
1204
2135
329
693
5658
110000
2912
1023
445
971
1708
11338
5099
12500
125
2198
15490
203390
436
400
3026
30582
875
57148
10762
1047
131000
158
1213
840
700
1499
707
711
2307
501
175
5171
712
900
5430
500
329
6229
100
2234
2190
820
5324
728
437
4225
439
1695
2995
131380
1708
4943
11054
15652
4338
889
11749
331000
366
262
23803
125
3410
345
10347
17087
477
10175
986
1379
1
275
17293
1708
8400
3001
3589
8997
45816
3520
1000
329
16600
2558
765
16985
10500
4422
24381
248
2793
4394
950
4578
21394
184
1180
11951
657
25982
5163
118843
111
5140
4518
5858
5281
3015
1827
9853
123
2810
10030
12748
2921
45000
1400
7183
980
1000000
5193
275
714
15537
2500
900
28570
2000
1
712
2474
630
2603
499
2766
1464
1000
584
3000
4500
436
11754
9673
5768
445
2000
491
2628
3287
1085
4934
12051
200000
5195
1
345
3585
2
180
1531
4688
469159
4000
385
550000
1014
6350
411
2676
5253
1094
13694
12395
5830
1500
16942
17156
4124
1225
1161
7205
952
500000
334
465
1500
1645
1096
824
62509
657
60624
400
1220
3055
18019
131380
1087
25709
275
1000
1808
26381
756
333418
470
5901
629
123790
1148
465
736
1210
13240
5536
5006
1790
21920
329
9107
424
17251
345
329
262639
8072
2912
5590
15072
1032
617
831
10446
1057
445
4112
699
139950
469
329
329
265234
275
6998
51070
7228
501
4267
500
10917
200000
12000
6127
5366
987
51492
464
59384
900
385
275
3283
1400
964
329
1923
1000
5884
714
11000
7045
17738
400
297
700
68000
979
698
8000
843
3755
275
1500
329
200000
143236
574
393
500000
465
10000
100000
1520
42
10
78048
500
13784
501
100
3449
219
487
1000
274500
3287
667
2000
5510
11497
12972
275
2598
500000
10375
4608
114
11675
151
11639
329
8990
10100
15000
498
1095
500
2775
499
353
7771
2626
3000
2016
150
24999
756
2000
3400
275
1270
25030
723
1499
10730
781
811
18289
275
11540
1722
1188
2154
275
5150
265328
436
896
10440
275
2188
6290
10900
2000
1708
9751
1811
378
8999
1124
164
472
4394
329
1072
3495
286
12281
12272
674
12882
231896
465
586
400
1253
82294
48065
9610
5662
2135
7363
273
418
1095
224
275
3080000
125
5081
5820
4926
400
329
10045
8937
679
2000
385
12500
1722
400
590
12499
5200
657
11924
1695
384
3390
833
385
3381
261502
5912
227
2000
22500
831
329
656
776
2600
10499
574
127174
1095
5806
4240
385
8541
12656
679
795
275
275
1916
4999
4000
2799
3954
2500
499
1989
10764
15000
2000
824
5798
732
1171
4643
9065
1587
2114
1316
870
8140
2500
3200
411
264
275
1999
393
17542
227
1095
1200
12374
1180
14612
125
10857
12000
284
1094
84681
1149
2325
579
275
278998
10000
7549
281
2866
2805
10548
574
32626
94030
659
11199
500000
1095
4004
58033
272541
1905
17828
125
275
20
500000
686
269244
1464
825
5411
3268
6456
1202
7228
12064
193
366
1000
205150
5900
12000
2194
90734
1313
7500
275
2298
113905
102
2466
19755
37447
688
2433
3000
5105
675
1599
3001
3284
15490
775
997
824
469
4341
783
831
2869
2746
125
1206
269244
400
1699
3424
1520
11682
786
3500
19356
3007
1803
329
329
162600
200000
918
19968
164
2699
275
1235
299
5669
9958
1708
100
445
759
275
246
500
128
4947
449
596
500000
847
14234
714
2806
50000
70
385
895
20583
251626
2500
6563
3500000
820
51775
3428
2910
8000
1000
1600
15086
1290
623
752800
10836
400
219
274
3026
10
744
875
1600
1443
275
5573
5754
6000
900
15308
657
3020
894
6700
816
248
218
275
1999
8000
150
12998
10869
3099
641
1050
6999
349
967
24561
6285
275
71142
132
234
1521
5377
15135
139950
47715
7616
1607
62818
3625
1210
1400
329
129
3988
1399
5022
189580
4641
1536
362
261502
196412
7664
4500
4729
906
12086
382
15300
655
1200
988
58680
8120
4377
655
6495
200000
10817
4641
2593
10000
469
385
2082
278998
194
4000
8000
832674
6318
16284
832860
100
77534
37450
2699
399
5830
345
73176
11000
875
743
3366
1587
2402
329
189
160
72310
1429
3193
7433
2796
282200
4598
275
354
5477
169
3695
275
6000
345
2196
224997
241
1631
23553
533252
11000
8000
56976
263
802
275
2920
501
36600
687
275
1094
70
25309
1374
10298
11400
734
111
275
49
984
165
330
831
5303
4000
7223
118
1087
164
6267
636
138827
220
8176
4500
9275
219
9508
3057
60224
10000
7037
6000
671
275
15290
249
123
2579
154500
8000
946
5382
2986
659
329
1434
2294
2800
10612
1095
11127
262
10575
4534
8573
636
904
329
869
8708
5305
1
2894
1013
275
1200
848
2802
160202
12989
8301
902
19116
4581
393
714
289443
14293
3708
39620
4975
10
297
11017
788
1662
579
10635
19458
2987
4460
10149
12450
5000
8000
2337
275
11436
6177
275
5559
3654
1396
3000
411
659
714
3600
329
10212
789
1422
1561
4598
105
3940
5879
4677
2000
1135
125
6999
10985
2231
3461
13360
850
290
6415
400
12290
4062
4594
2924
2500
275
100000
595
892
1
103819
2199
2674
329
2562
824
2774
1353
589
25925
11108
20573
330
3498
1182
15448
125
2676
329
644
6209
15000
13031
480
279
7741
389
1622
6104
932
220
275
7549
15000
2085
2196
2674
155824
73537
9700
2907
278998
16790
1708
875
3050
611
10
4000
10640
228
10700
275
2097
126
6054
768
330
329
225
15000
68000
1636
33784
11535
831
1679
5123
19142
3149
10438
279
28098
329
10521
118
12315
4274
219
824
3384
1750
788
2150
3267
125
3000000
398019
219
128
8759
659
4737
125
7000
5182
6168
3393
613
1440
8114
6461
4576
5943
9750
799
7725
345
1207
1120
767
4582
1952
5675
90
16000000
10714
3600
4000
275
10284
438
4900
2264
4000
657
12500
154
756
19772
500
429
295
470
199
405
113030
2482
11484
2500
4046
3500
3500
3500
42004
613
4000
2293
329
1400
4201
58012
16573
1094
6733
644
657
125
777
1949
76569
875
2952
8799
275
995
799
4580
5300
227
11000
2174
2716
490
6266
615
11213
11629
50000
929
1248
6700
2912
10001
123
4
151
329
1913
88475
58680
11000
10500
8471
5032
77388
3407
7556
133
31620
1000
2475
895
2166
900
11829
34415
125
1999
105
563
395
712
2328
329
570081
23100
1000
5499
6337
100
275
1791
43683
275
261502
12292
7178
690
2634
299
275
2201
7547
5253
974
393
292200
1040
3000
180966
1031
500
385
2500
187216
333418
875
875
95
7655
871
8818
5223
445
1878
4707
1390
16779
929
275
915
13737
2243
100
7500
2000
107624
433
908
1178
1948
9016
4531
1591
43555
1000
275
11717
15065
2538
5496
400
614
244
329
8749
3440
500
4700
149
1000000
413
275
100
6601
386
1599
356
3521
11527
464
499
737
2136
1587
3903
4740
428
10667
11196
274
10870
29452
845
1500
3012
2406
885
1094
1623
2097
1070
967
5225
278998
125
100000
275
345
4042
151067
1399
275
329
1099
7500
714
9196
17548
12263
2526
5659
125
874
4048
116
179956
2972
1094
400
15529
10361
275
137
375
1799
1000
4275
3948
6755
411
1318600
123790
498
79711
741
6000
5455
2734
78806
1099
2716
1039
375
2253
89652
15339
9000
1275
165379
3580
796
11600
284
2189
2982
5049
468
714
1210
7525
2499
824
381
3892
757
103914
15931
5246
150
396
148
6775
1131
417
1399
6524
344
897
5205
2500
123790
834
659
2190
999
1210
3795
501
264938
19950
227
10000
2155
110
110
618
5111
50000
18000
986
436
345
8000
108
3387
125
1169
1575
10
12741
275
331
275
5105
52731
4000
8700
1000
12031
329
3392
370
4260
261502
8000
1000
821
11000
253
7100
198685
396995
1641
388
44074
6133
76278
261502
1600
251
90
160
686
745
125
499
275
275
275
3026
1600
6029
2573963
989
100
45371
3439
8247
586
5253
5000
5296
824
5618
2900
622
961
500
10338
712
2750
810
2116
5175
269244
139950
5999
131380
247
1500
1662
2500
8750
3330
329
275
1999
657
9500
95883
2562
100
400
4200
1286
254000
1235
274
275
1641
10918
765
273
6847
10806
2000
125
3000
55570
1803
268
576
166000
1949
11084
2621
2006
850000
10560
48741
6303
3543
334418
786
5538
656
9140
1369
4335
2730
6597
1355
1500
275
5004
501
11500
6490
14234
5999
875
657
1080
1225
1268
788
11586
125
4296
10443
50810
4852
76344
618
7128
5
2002910
74900
10100
723
6999
1999
250
3000
262
3522
275
2833
295
275
199
52340
84849
6056
59928
714
8167
81813
672472
1075
5900
275
11822
3307
1699
199
498
4174
6304
275
19998
22000
4580
20024
7386
15998
9
3450
1472
117
659
4561
287
1488
1708
3796
329
104697
27102
4854
700000
16680
1708
3684
474
44715
165235
931
100000
5104
275
4321
3025
395035
16500
5070
6938
6723
2600
329
290
329
4545
3941
3455
900
6159
6201
4000
6114
3663
657
12200
7216
783
33066
247
666
458
1342
17708
727
9414
3247
290
875
4605
275
2190
275
2100
11649
2812
2511
37780
2081
275
404
150000
11309
139950
284
2200
2000
173
1662
199
275
788
875
10
1210
1694
262703
11
5400
10626
4747
1000
500000
87382
193
154500
11604
2876
13292
5586
654
14832
334
3418
1113
329
2678
3008
1210
80161
821
8000
204500
165
6275
440
3165
24463
654
275
1299
5522
657
125
599
2105
275
97
11166
429
746
3900
690
900
400
1650
44024
5568
2337
500000
367
831
1095
4324
10000
5281
125
4700
3751
7228
7526
16083
449
13731
154500
4935
10200
2394
2855
329
349
275
2000
400
3800
262639
12323
18296
799
952
10
395
14394
1312
384
393
614
7665
1950
6000
445
5773
1545
7035
6000000
2714
465
1095
364
5149
11290
275
10337
11636
715
1750
362
6100
1025
241431
347
12500
329
383
5359
1100
290
1629
12472
25100
687
10461
800000
500
1303
11035
6999
439
240
849
500000
1094
166000
275
20006
3820
1234
641
482
1752
17639
2676
714
4311
6383
3032
2000
275
804
25892
7410
6400
4000
90
275
5676
149
4000
185
831
11152
42540
890
2812
1789
830
12000
1500000
62342
11740
4919
875
241
799
16000
8210
275
11649
1425
11803
5364
650
125
900
108394
101
1485
667
1691
8774
2494
333418
275
359
15000
5485
2019
5000000
5196
655
1000000
712
831
7763
1922
275
819
700
437
5100
3899
106
109950
110
586
2500
11046
3398
1000
5251
281
4011
329
2264
3526
11182
2690
411
3495
106
6033
6901
11000
2189
6504
3671
385
257500
142
400
2793
14185
1367
4679
1515
1999
706
774
8499
3044
24087
1464
5981
4124
6752
15915
130
990
1774
10
1883
329
9900
14091
10
4000
464
765
4039
15765
8000
385
420
9300
200000
8999
2785
7293
1952
394
400
2500
128
424
6490
8000
12250
473
122
429
6762
262639
818
14849
1000000
806
175
820
6000
154500
1038
329
112309
43629
5700
58423
11000
4588
1085
6640
384
565
7525
864
13994
8121
125
70129
5913
732
17935
36650
2042
3941
4100
70008
18183
3021
158571
10067
7999
508578
3866
10200
437
26143
3787
899
501
125
5317
123170
824
275
799
624
183
2650
998
6450
13531
394
436
2000
900
990
1168
329
19600
907
2599
1137
1952
15348
13792
821
501
3667
1799
3176
275
145200
10119
15000
12104
25440
1421
275
1331
331
3340
3502
824
15
361
785
227
3258
358
345
10244
1130
4528
11
125
756
756
251
139950
630
15459
1159
744
329
10
394
744
6807
690
799
875
4949
10388
4857
2000
3479
16400
275
5179
9904
3197
1059
10
445
1265
831
1091
5610
11000
2995
1
809
378900
353
10246
1643
126
4800
14245
2951
5100
11242
4161
5106
262639
298
4154
283
1717
230
18236
4180
869
712
20888
295
29666
1500
164449
5474
411
4000
6770
4670
664
8000
269244
1828
445
1952
890
902
1284
394
6295
9756
767
2812
10
385
5104
1235
319111
631
44363
249
6203
8470
4993
11108
4298
990
2500
278
3240
20617
4343
6557
644
2773
129
278998
275
10081
658
37473
6114
824
4375
4998
1144
1080
565
1714
7900
34420
352
1578
275
8000
5534
11196
329
14231
26295
329
491
5104
4000000
194669
192102
93
1094
5860
3103
473
1087
9000
2500
657
48
400
3515
3242
3589
329
461
9700
7430
124
261502
377
3000
2238
7500
659
367
714
2627
154500
275
90
8222
3503
284
6549
2025
1708
1799
90082
6520
4305
1200
2000000
7303
5408
2456
165
2000
390
650
245
10700
3396
4051
712
834
227
329
3015
7026
7600
82125
393
329
5428
7654
4580
10255
5174
329
23269
1857
3900
2
690
15100
3224
8794
829
330
1068
2806
393
6771
1035
625
1500
2038
263
5945
3700
1858
657
761
2300
2398
5284
1310
4400
925
5100
11577
299
900
7363
7063
1094
1272
2910
3000
33680
17519
400
2415
6947
6908
8400
1035
599
26062
15505
19304
20000
3341
10087
1350
2290
275
284
5104
755
329
612
411
3089
10500
5321
125
469
2676
146
838
657
10000
11959
2539
875
576
14735
1500
275
10800
13818
239
1094
290
1857
1299
370
284
5000
3156
1449
416
104
12806
400
3247
6756
874
25189
100000
3225
1720
11540
20868
5229
273
5
285983
275
86879
68984
715
13066
6500
125
12436
8499
275
122
3085
329
599
9000
11000
445
6136
774
2180
445
127
110
1094
501
7
220
18550
3275
17375
19293
1608
8850
353
114
854
224
275
15271
2667
4914
1506
950
1028
1599
3874
26676
20617
6007
626
181
10
908
637
3503
568
189
2976
275
6062
464
125
100161
10958
728
9000
1179
3000
95
11378
1088
12420
91242
295
1836
8400
329
3700
1445
275
166000
6995
1991
6099
10686
491
141
6266
329
1297
1800
1000000
7689
262639
329
610
100000
2627
45748
329
9600
12500
90
100
130
6322
1708
821
750
329
3614
1555
275
3790
5315
95
219
10900
7713
613
2870
1345
125
2500
5134
11010
63065
3021
765
11727
353
6000
12351
163061
1000
367
5743
15814
8000
765
598
3130
8499
154500
329
929
8000
32181
275
2023
1000
4592
2121
278998
46960
1250
10546
657
1600
129999
123
7146
452
874
10000
123790
6900
1000000
4483
359
610
7664
329
11200
114
28655
2500
60000
2562
78321
501
5257
10639
6594
329
821
1529
21791
653
799
13139
714
1952
8325
275
121
275
7
394
2416
1000
2336
15376
329
1269
3154
32279
50000
1311
278998
41530
772
655
2108
941
9712
16199
491
2216
1528
278998
925
333418
1000000
655
185
137500
75114
2000
5999
644
2500
2493
5962
3160
567
3666
5373
5904
875
4648
1203
1000000
399
7058
143503
44
329
329
23100
6500
123790
2190
831
781
4555
1275
1100
445
1
100
226
149640
1600
100
13771
149
1263
1100
1094
829
353
275
7227
1747
12183
868
150
472
15
275
4935
125
169543
128
119
7101
689
400
7575
51783
11893
15000
500
2400
3026
1488
7132
1885
7091
5385
2500
100
4182
6034
329
1696
55808
500000
1963
2013
1210
356
831
11671
710787
358
50131
5000
687
2794
3021
6654
1095
54970
329
4000
275
260
7228
20000
3699
5663
1213
615
679
4829
1060
1464
500
132
239207
1149
358
500
799
6999
2000
275
1529
11810
6824
362
1395
411
377
3453
938
1315
400
21597
693
35000
928
246
13766
501
2417
714
345
177890
1476
2667
1699
4408
1927
1400
982
23089
500
599
838
393
152652
590
979
329
275
5248
2188
15000
465
712
10774
5
6075
19898
1536
8400
1477
374
1787
767
623
3200
767
5100
4755
219
656
7422
1258
18515
15221
99432
2024
9
1
385
500
2189
14245
824
7650
8048
5500
576
798
225
2458
116874
7355
69980
7760
394
10000
125
488
68000
9
2874
329
1500000
284
19956
658
8756
10500
125
91114
1447
436
125
747
1200
18014
659
9999
2737
9
6679
2000
469
976
4085
657
975
4000
24107
20840
4700
700
333418
577
699
1000
345
2000
2000
265
2209
275
2500
9215
122366
7524
729
881
35999
8000
765
1712
1527
622
445
731
1661
501
4707
275
4472
139755
5
929
3071
295
7363
4580
1318
11614
975
329
774
329
7941
383
11199
5502
13529
1022
385
10944
2783
353
2096
7500
275
908
275
10978
2543
2300
341
3740
274
329
21666
725
425
3495
125
715
1038
6166
3580
2118
220
79511
764
1536
813
2628
329
2998
16004
91
3695
8702
100
9900
330
7107
15000
824
19356
226
444
175
5100000
13100
5309
18289
21284
4623
7072
2037
31754
71174
93875
2317
473
2000
9854
275
4000
182736
8370
6273
18115
384
4598
1500
2812
7660
1664
2527
2001
600000
5324
11571
5391
8500
821
1746
36579
11299
10800
410
4793
1999
34526
130067
139950
393
1775
346
20398
1400
415
448
329
8000
3263
2189
275
110
7966
494
675
5732
10539
366
985
5470
1213
6689
199
810
2999
275
1072
32428
501
278998
4792
125
767
26012
275
6665
11934
4582
2000
472
647
329
400
892
672
500000
1952
150
4923
655
1325
4008
25782
744
329
948
275
667
218
1799
445
48420
275
385
30499
1907
5248
53680
3338
1464
125
400
999
578
163
10775
789720
333418
173
1098
2000
46422
7818
25000
329
6274
2070
1117
21229
265328
788
2500
8000
329
275
329
2999
262639
2697
229
40
3537
5357
1185
4088
652
984
1602
399
9000
3068
2189
445
657
233
479
275
837
2318
275
278998
1952
25000
261502
340000
275
300000
686
1
8530
7228
295
188448
5830
2000
3686
657
500
655
1971
10013
20186
329
445
200000
5696
17542
278998
501
7673
265328
2189
356
11000
710
2684
1999
1729
489
1999
847
45748
1272
3237
118
900
445
8799
2327
1
2657
11784
125
879
20804
500
14823
1936
125
4559
275
15
799
588
6929
11875
2099
5097
345
4575
372
8000
115
34160
125
364
1366
131380
3559
407
275
329
275
3499
2500
1299
491
70
11112
3552
5582
2500
275
657
820
2417
8000
10800
150
436561
500
5324
19542
346516
984
7757
100
275
10100
135517
898
261502
345
1198
2500
733
42746
18013
21200
7318
2939
124
204228
7948
20000
688
5694
4969
999
6557
329
1050
610
795
185
2832
275
1136
15112
5198
11703
1155
15954
2198
169
6759
1000
125
501
618
3162
491
62120
19579
439
2000
868
762
1430
2046
1608
10200
125
345
7238
5197
5496
657
652
12500
2500
1616
12054
189
12549
6894
9658
2775
265989
3508
370
11433
14721
2202
1708
275
8493
6561
252
385
385
874
2803
1353
875
2500
750
591
2000
5380
1716
1989
5104
13043
657
39617
875
5150
275
4769
400
831
13039
2440
1158
1970
1200
46952
11
226
2631
118
4100
410
5407
275
3095
3390
13369
11433
7326
50000
1943
8000
109
1900
100
788
28000
2515
754
10
261502
33999
340
125
7458
1400
4749
843
284
10432
6921
780
831
4950
12
1080
9294
659
4999
1696
4372
2209
2957
125
299
905
10625
125
2000
501
3250
1299
275
999
900
15000
1312
17785
659
8138
1700
400
16380
655
1099
1000000
11000
1305
8009
20492
2782
39236
109
1351
8000
569
329
265328
980
329
46038
10814
358
938
21070
125
4978
2000
90082
16297
1798
102035
2000
5598
10998
1811
16316
451
3500
131380
200000
723
2472
11000
10000
3283
8000
488
273
2400
5945
71066
4000
329
9257
47083
1314
588
487
278878
8900
275
350
5332
7459
1199
578
1875
124
11772
2152
491
26680
4857
6614
292
125
1185
3263
12000
1699
6600
125
480
19312
865
159435
1054
400
30893
6571
16184
219
7228
1860
3282
1199
11900
184
11181
18498
329
1100
1399
2304
1000
1199
4581
657
10000
10
3583
9000
125
275
7339
657
3420
4668
5324
2853
329
1315
84998
199
1210
275
4558
113
349
2561
5263
12093
794
329
290
2299
2817
329
5058
10539
100
2997
262639
7349
690
7139
7065
445
275
625810
219
1171
8066
20
1505
13681
700
2202
598
14245
106147
3000
990
31701
2500100
4382
831
630
358
469
38688
831
4901
4500
5747
2138
1500000
218
1038
873
1951
5321
2812
441
6500
2716
4183
2999
6485
3850
1
2811
192
1000
671
868
385
1558
5000
1868
4580
3991
5321
13200
966
1185
741
366
750
3100
960
125
18318
2971
195
2872
5616
9084
5578
56470
288
6729
999
1748
614
19368
899
28384
1500
3852
53680
274
618
489
2000
713
3109
2784
8437
5694
630
329
5219
2189
1464
3999
451750
79
4599
436
11613
167000
4580
21998
6099
141269
3108
130975
17742
1767
5009
12500
3007
3498
796
9104
5053
329
1001
14684
19368
295
7781
901
384
10100
121
11769
11279
125
5645
7981
2527
18791
2247
400
1750
9
275
11348
753
1155
1500
6132
10336
491
192
5105
6822
8000
2649
1094
6900
899
1794198
4045
574
3026
655
809
1000000
400
334
445
2597
3995946
275
275
345
14874
2500
2000
3169
684
600000
1642
383
131380
274
21899
1864871
15090
291081
9959
585
6485
3285
250
333418
2499
475
166000
130641
329
1094
110
2951
1000000
9600
6660
657
6474
8000
3017
2307
1389
4181
695
5100
277605
8322
1055
2598
4204
10710
371461
11000
10386
345
1210
4892
659
1390
591
1774
5104
1087
1311
2273
2500
2200
939
10000
6363
874
128
5036
6642
883
493
1094
2037
958
125
1565
164782
10000
12075
369
385
6831
647
12440
999
5100
979
2916
657
7392
33996
13450
668475
275
11593
6200
329
3207
6362
4999
275
123790
9744
3001
1394
990
1
647
1000
154500
1941
11000
1299
10
290
500
119747
2041469
2000
1000
5042
275
7682
253
1008
13570
43548
730
589
13937
12123
900
10374
1975
1263
5578
329
16450
7035
1095
5380
14200
44720
1000
2498
230
227
9664
3790
821
905
218
296
875
275
455
385
125
10
220
8513
469
125
6062
3833
655
3448
684
114
889
199
125
1876
2020
4300
15361
252
274
2902
340
5085
7525
1210
102652
39617
1185
275
118
248
2912
13101
874
659
4600
3036
1474
1999
619
125
3453
4357
10691
23193
278998
17988
16000
329
598
3798
8600
11000
831
50000
434
12000
5526
275
564
10989
17653
7525
52600
5042
712
10730
275
400
2099
275
28361
8000
493
6184
2196
10000
2269
4000
24886
34111
9707
275
655
6546
100
8191
7800
1088
35396
129
491
1499
1464
1875
11113
3000
299968
22057
27763
420
900
10560
500
5099
60199
10608
5231
271
2300
1861
926
980
385
3418
329
11031
4200
500000
7500000
218
10
655
139950
661
185
1296
500
2415
3052
657
2156
1500000
360
275
389
23382
39412
11000
1150
4833
385
362
2625
2854
275
2476
118
345
275
1799
3905
329
13831
100100
510
124
36262
5267
4751
2122
25218
22122
200
925
436
7500
594
345
3592
10841
240
796
1464
11000
5000
11000
125
10
8375
18452
196
2998
10933
148
11274
10400
4700
53680
11850
90
356
2684
2229
8000
7700
295
499
655
123790
2587
1654
411
734
50000
404
333418
3829
1349
125
3183
5251
117
2116
340
1000
4269
5759
1180
20836
4972
149826
714
1500
1921
3015
1000567
3026
1000
871
131380
465
4214
862
8575
203600
78
1858
758
1300
644
849
714
2989
3600
1298
5645
650
1801
1898
1099
22564
129
12710
1305
100
329
464
2000
419
4304
118
218
149
446
425
23704
2500
1000837
1260
5800
5286
125
8000
2252
575
984
14244
820
5855
588
2500
1536
797
379
345
429
1094
510000
4310
59558
500000
393
657
50000
125
125
7066
677
3200
275
1325
1313
9377
3681
500000
6962
2189
10000
1200
265328
99
980
26198
2100
5000
2655
11765
290
8060
999
275
13671
90
288
226
400
345
96360
1748
7974
858
95
1356
4887
275
253
2827
8291
879
3000
3503
984
15000
15790
5208
278
821
470
2142
257500
9900
220
857
5988
1087
12500
990
8388
4000
275
4635
219
10000
149
2231
3139
329
1763
712
125
853
31805
411
10
1529
337428
249
1999
7228
2740
714
6000
500
1220
644
7500
2600
15000
114727
275
706
1859
11749
37697
1153
13859
8671
105
9536
297360
6470
501
1075
854
1179
472
5194
5168
4126
5181
9851
125
2199
5056
2639
5898
5013
360
162605
445
5321
161
501
275
12092
1390
68000
377
2500
1694
683
337173
125
1000
30058
243533
5940
1900
576
437
8034
5828
12065
439
714
599
268
465
7039
125
689
2432
2869
15000
1464
1143
767
86734
21219
1180
9487
10510
75784
6900
7501
925
821
118
2303
15000
12232
2445
3401
18759
2382
821
57608
655
10500
9000
122
10690
667
2325
9618
659
275
125
5452
3243
30000
85409
3306
275
20800
147079
158200
574
25730
384
899
275
100
10578
1613
5321
5172
13998
329
275
110500
1302
6559
2697
451
275
24995
2170
21746
1
10
10122
2408
250
116
2598
5635
3942
4500
329
1708
5056
11654
712
10348
667
594
16567
1663
415
25278
4595
2637
3390
1587
329
2174
595
399
7227
731
218
9082
8000
275
275
3026
11941
2999
411
5421
1019
787
32519
100
30000
14231
79487
269244
788
329
11247
1210
16068
25000
9000
124
43272
65453
3999
821
1613
9850
623
951
370
4051
2320
402
1850
39820
5456
45512
4598
329
8598
345
393
14017
4414
226
450
1038
1500
2921
2143
713
395
1751
265328
10401
275
275
2760
1340
848
329
501
9000
55020
223
275
465
655
29244
400
1361
1000
139950
949
9502
14063
8000
2189
1044
9490
4799
4200
1294
436
2485
5273
12317
824
226
927
880
100
4298
437
4868
9852
175
1587
499
2325
14663
2253
1714
3025
3564
6000
2000
6500
3375
1095
500000
11243
122
5716
374
3999
345
353
71895
329
831
125
2459
2894
4707
5035
3980
19000
10500
385
5814
1995
275
3284
950
190
1708
788
160
2965
7171
3425
329
2553
2020
655
34078
275
2399
11
250
1648
6469
83911
2025
329
1796
22420
896
2488
385
13277
385
13568
5238
1000
847
3621
875
153204
329
501
3695
1210
6158
500
10921
1249
349
6525
125
6000
1750
275
10134
1264
2810
5000
20375
2189
650
10
1094
1253
5328
1790
875
465
42703
4900
109861
19866
1860
12398
4500
4128
12890
422
429
3075
762
6521
20000
275
99138
5062
398
1440
16915
18995
1500
10095
275
2988
6875
658
2250
5105
400
2270
11443
3650
725
5000
4500
2833
3500
416
3848
11929
491
100
6394
11995
17513
9392
5523
1894
5681
3917
653
2093
615
714
2650
875
4802
3902
287
369
465
12204
394
23100
1204
358
20178
501
775
1435
11057
1400
16155
4880
7244
4209
1799
10122
6434
4210
7227
2796
11798
575
1
9854
385
10730
11000
2488
13668
1500000
3501
2700
3448
11573
24999
6016
2196
329
875
699
10422
1405
5784
274
125
49031
9444
2684
1042
659
384
21226
329
6900
8800
2375
2600
743
734
4038
23560
435
88669
11277
261502
861
2250
2000
9782
10498
12659
4565
15000
6398
9889
221
22062
262
11432
141
275
4542
14087
1000000
480
151868
2043
123790
20
6269
5000
1145
984
3639
657
329
1472
261502
933
2199
1560
2630
411
361
1547
12500
9019
385
1000
799
315839
18093
791
4750
39947
1151
53856
300000
275
1249
1085
1171
2625
5345
31754
712
14275
6622
10536
4309
131380
116204
125
334
7874
1886
711
16785
275
3699
6835
955
2097
16372
37780
4737
1544
125
98300
464
16890
7800
275
34563
1318
500
5786
440
119
1
11070
125
1049
5104
10759
785
2684
9512
11375
10613
86840
11794
3998
2331
1484
3895
3362
10949
125
501
6569
11252
721
44040
6207
2700
265328
11000
655
8900
7654
659
125
265328
334418
750
329
831
1059
352
1418
118
827
265
1057
11190
11607
11767
11693
12202
391
693
89865
2188
400
831
246
6513
1699
11814
5981079
507156
908
2887
657